m0,m12,a0,tanb,sgnmu,omega,xf,bsgsm,bsgnlo,deltarho,bsmumu,btaunu,gmuon,msne,msnm,msel,mser,msml,msmr,msdl,msdr,msul,msur,mssl,mssr,mscl,mscr,msnl,msl1,msl2,msb1,msb2,mst1,mst2,mg,mneut1,mneut2,mneut3,mneut4,mchg1,mchg2,mhsm,mh,mhc
3450.31,638.678,16832.2,39.7998,1,,,,,,,,,,,,,,,,,,,,,,,,,,,,,,,,,,,,,,,
4368.04,1751.03,7057.06,6.15679,1,142.6002069932681,19.01050060438239,0.0003288300735128071,0.00033008779355621863,1.7219383904470527e-06,3.058815143323741e-09,0.9999255208933091,7.741696484986547e-12,4498.40144,4498.36332,4499.40422,4410.62623,4499.3661,4410.54835,5412.6917,5326.07899,5412.10691,5335.32463,5412.67695,5326.07201,5412.09216,5335.30158,4486.87183,4387.03396,4487.89865,4610.27289,5309.92326,3546.43664,4612.1854,3907.48602,773.485003,1451.33623,2281.00281,2286.02932,1451.49462,2286.0142,118.602192,5071.92181,5072.85086
8334.7,7823.5,41717.3,37.2102,1,,,,,,,,,,,,,,,,,,,,,,,,,,,,,,,,,,,,,,,
4027.3,2331.84,21726.9,14.5968,1,,,,,,,,,,,,,,,,,,,,,,,,,,,,,,,,,,,,,,,
6555.68,8044.88,32759.0,10.0562,1,272.10545182457,19.86605754216501,0.00032898473537105945,0.00032919277343708387,2.2236862747545828e-07,3.0591804502469803e-09,0.999969874153308,1.694830708641643e-12,8282.57742,8282.03603,8283.28723,7171.67965,8282.74586,7170.42374,15077.3669,14367.4675,15077.1486,14452.4927,15077.3035,14367.4041,15077.0852,14452.4223,8112.15819,6770.87843,8112.92256,13084.8757,14237.1043,9983.46219,13085.4995,15582.0014,3734.77087,6722.12744,10004.4906,10005.5862,6722.29106,10005.8554,124.513001,12754.9645,12755.3403
552.702,5004.2,-3173.73,30.4019,1,0.3537884185724451,24.963894487127885,0.00032884471490318923,0.0003284768103732971,0.0001231609272131056,3.078689206608779e-09,0.9983722561663934,2.8248506395109265e-11,3255.70668,3255.27438,3256.98331,1927.99891,3256.55112,1926.51805,8798.16028,8303.46664,8797.77968,8359.04913,8798.05632,8303.26842,8797.67572,8359.02364,3103.75703,1340.55958,3106.91162,7853.87898,7906.79616,6711.91413,7860.51933,9904.29835,2279.23133,4155.32314,5261.49974,5264.25959,4155.48725,5264.56724,127.150632,5262.53827,5263.19799
180.349,465.152,852.924,1.88149,1,0.5510878872685121,23.283152944452276,0.0003275302957558689,0.00034574301392586694,3.155474633385308e-05,3.058653745620307e-09,0.9998096165660278,1.0406303339046152e-10,357.485931,357.48551,362.498386,252.230519,362.497971,252.22932,1005.49601,964.4259,1003.6783,968.130086,1005.49486,964.425836,1003.67715,968.127739,357.360148,251.811394,362.426969,918.531322,964.524148,746.030262,969.226124,1093.25955,187.808402,355.973613,781.249186,795.475317,355.835399,793.714644,89.6379249,982.721767,983.403489
4027.49,3933.58,-13118.4,20.7946,1,89.51594422696242,20.282458377019278,0.00032892749558538633,0.0003275196088951998,1.6733538515203911e-06,3.068603395138343e-09,0.9996335611012088,1.185169055287543e-11,4748.64414,4747.61499,4749.614,4274.65159,4748.58497,4272.34736,8097.49095,7774.43099,8097.09326,7810.69902,8097.34215,7774.17818,8096.94445,7810.63639,4417.71679,3493.42261,4419.97516,6205.41254,7309.2935,3736.94298,6216.24743,8044.41887,1802.95906,3312.7648,6997.43503,6998.22972,3312.92771,6998.5909,129.601843,7629.26507,7629.86326
7268.87,6120.14,1315.98,17.3774,1,306.27662409906776,19.467170811353363,0.0003289495993414614,0.00032910637413955995,3.18925123703421e-07,3.0583222754469478e-09,0.9998194683900115,5.922497361238153e-12,8223.84085,8223.56283,8224.55953,7598.58202,8224.28153,7597.97634,12785.1749,12309.7413,12784.919,12364.2472,12785.1215,12309.6634,12784.8656,12364.2129,8132.811,7399.66257,8133.65401,11487.7763,12130.8619,9681.62911,11490.359,12265.6754,2835.91392,4822.22325,4832.32273,5152.72881,4822.29025,5152.89211,126.964872,9105.12175,9105.52401
6187.78,2183.54,31796.4,12.978,1,,,,,,,,,,,,,,,,,,,,,,,,,,,,,,,,,,,,,,,
8924.61,5808.42,41868.6,3.72281,1,0.0682314062553154,27.92408433836744,0.00032900428234516156,0.00032912661814318806,3.7233738633427976e-07,3.0596266459509437e-09,0.9999976060919403,4.661872327509439e-13,9635.23429,9635.11186,9635.85386,9148.53501,9635.73143,9148.27654,13342.8787,12942.967,13342.6649,12992.1764,13342.8026,12942.948,13342.5888,12992.0386,9599.76775,9073.56198,9600.38983,9858.37194,12907.0138,1599.64765,9859.31084,11635.15,2653.7617,4831.78553,13390.0217,13390.597,4831.94779,13390.8854,112.808395,17037.4384,17039.808
9232.42,2591.13,49577.7,43.5979,1,,,,,,,,,,,,,,,,,,,,,,,,,,,,,,,,,,,,,,,
8451.23,9384.53,-17751.3,15.6438,1,428.5843087431906,19.55750129265488,0.000328997604677999,0.0003289488434261425,1.463435630299519e-07,3.0597035827492207e-09,0.9999473155933712,1.9551152111889114e-12,10301.3159,10300.6454,10301.9533,9110.8878,10301.2828,9109.35779,17841.5264,17030.0907,17841.343,17124.4831,17841.3965,17029.9027,17841.2132,17124.3952,10085.0809,8613.27937,10085.9662,15177.1185,16652.0086,11474.9253,15180.7582,18165.3157,4435.20768,7958.96732,11965.1063,11965.8207,7959.13049,11966.1981,130.836676,15082.2946,15082.6312
1584.2,6361.04,5907.45,7.73405,1,2.9025315143845885,24.425637848535104,0.00032890277862913095,0.00032962778945653403,1.8263597394809508e-05,3.059051545307771e-09,0.9999372058027831,3.5924790438049652e-12,4352.72691,4352.69997,4353.75123,2822.19343,4353.72429,2822.11,11072.4441,10444.988,11072.1508,10517.1228,11072.431,10444.9795,11072.1377,10517.1033,4343.8809,2795.15367,4344.95218,10369.1585,10420.1955,8986.69156,10366.9573,12419.8092,2914.50178,5220.37803,5289.57823,5342.6362,5220.46693,5342.72786,124.609324,6863.55307,6864.09276
7821.99,9236.21,-34040.4,41.0665,1,,,,,,,,,,,,,,,,,,,,,,,,,,,,,,,,,,,,,,,
9491.81,2445.93,42472.1,44.6244,1,,,,,,,,,,,,,,,,,,,,,,,,,,,,,,,,,,,,,,,
3904.07,2046.35,10108.2,49.8328,1,,,,,,,,,,,,,,,,,,,,,,,,,,,,,,,,,,,,,,,
7265.92,7592.8,-36787.4,17.1338,1,,,,,,,,,,,,,,,,,,,,,,,,,,,,,,,,,,,,,,,
1620.28,7672.04,-9239.05,19.594,1,1.5390784470135042,24.113770948974093,0.0003289553372633242,0.0003289261967098195,1.4575009955062486e-07,3.0605765848835236e-09,0.999791987901429,7.38155473022343e-12,5134.95559,5134.41201,5135.88465,3252.17524,5135.34112,3250.44414,13152.1178,12387.6735,13151.865,12475.1293,13152.0168,12387.5059,13151.7641,12475.0796,4951.04366,2628.0761,4952.60372,11610.8834,12051.8789,9412.72638,11616.4182,14805.3673,3559.89443,6418.88474,8792.9034,8794.17956,6419.04851,8794.51644,129.462301,9488.32836,9488.74656
4129.72,912.245,7190.73,49.354,1,146.28279589577795,18.345558855214705,0.00032838975469180596,0.000330180885800505,2.9428190078807055e-06,2.6161042387855437e-09,0.9749287285221909,9.305569803980927e-11,4159.62492,4157.07881,4160.72663,4139.65855,4158.18098,4134.53385,4442.52449,4420.12597,4441.75706,4422.00537,4442.26777,4419.63367,4441.50029,4421.97927,3371.8214,2300.43791,3373.71349,3076.56392,3547.59759,2447.09789,3081.28175,2183.13485,391.580356,749.593792,1865.47865,1867.58298,749.757072,1868.2666,120.325445,2087.36751,2089.35661
1872.68,7099.21,823.127,20.3084,1,2.5423625488890296,23.91378241789346,0.00032891954491324864,0.0003291358552313588,0.00023092942124000994,3.05884203682359e-09,0.9996373418346853,7.941101431635442e-12,4887.06752,4886.92101,4888.03365,3209.32738,4887.88715,3208.87497,12280.4264,11578.6426,12280.1541,11659.3362,12280.3751,11578.5584,12280.1029,11659.3101,4834.53492,3048.43721,4835.891,11342.4568,11373.0779,9767.62238,11328.7833,13775.264,3276.07082,5902.72192,6228.33392,6238.30784,5902.88536,6238.50095,127.314001,7468.71822,7469.1893
7454.08,586.122,-40340.0,43.7856,1,,,,,,,,,,,,,,,,,,,,,,,,,,,,,,,,,,,,,,,
9061.18,8775.51,-16960.4,5.40424,1,487.9402380018827,19.37106205287414,0.0003290012529124512,0.00032908222761894454,1.672475819455705e-07,3.0596141745053444e-09,0.9999944793627004,6.787082476289999e-13,10600.4804,10600.401,10601.0921,9601.02468,10601.0127,9600.84796,17308.3366,16583.353,17308.1611,16667.7414,17308.2849,16583.3307,17308.1093,16667.6543,10575.6168,9546.04093,10576.2793,14810.1743,16537.8345,10970.7599,14813.7984,17132.9206,4138.22857,7440.08289,11793.1869,11794.0771,7440.24609,11794.3998,127.753985,16103.8326,16104.5662
1609.66,4856.45,-2568.41,34.4598,1,,,,,,,,,,,,,,,,,,,,,,,,,,,,,,,,,,,,,,,
7168.39,6191.1,-2880.71,24.6072,1,307.3889263916431,19.474091494436983,0.00032894754746996244,0.0003288934934307814,2.78644970174177e-07,3.0595012632462524e-09,0.9996233962193599,6.567297230641297e-12,8158.15022,8157.52951,8158.87241,7510.9519,8158.25173,7509.59318,12830.1947,12343.8475,12829.939,12399.5262,12830.0861,12343.6585,12829.8304,12399.4866,7950.89353,7051.94663,7951.92955,11302.6321,11930.1312,9471.16391,11306.1764,12386.4326,2876.05225,5211.92613,5638.0928,5645.68448,5212.08921,5645.89139,127.727555,8927.61534,8928.02182
5419.97,9467.0,6847.47,12.8087,1,224.1127450234489,20.24143425353083,0.0003289673631013655,0.00032922179225332635,1.1140145474187883e-07,3.058972500510969e-09,0.9999283501906273,2.6729053444691965e-12,8062.32182,8062.19306,8063.0424,6423.38002,8062.91366,6423.05428,16743.9979,15848.618,16743.8,15953.6656,16743.9638,15848.5782,16743.7659,15953.6324,8019.50789,6316.13902,8020.29352,15526.8694,15755.9733,13374.8681,15528.7721,18154.8986,4429.62985,7209.39569,7213.99254,7928.25513,7209.50106,7928.41913,127.258318,10604.789,10605.1279
7071.51,1366.17,18743.3,28.0207,1,31.346076388707036,20.09190684136096,0.00032891753870160483,0.0003302563181657906,1.0465211423278777e-06,3.0288860322926785e-09,0.9994061754036073,1.1972066167454555e-11,7107.37427,7105.00705,7108.15481,7081.79751,7105.78775,7077.03987,7440.9437,7414.71292,7440.48798,7417.42857,7440.65847,7414.20866,7440.20272,7417.35765,6400.53872,5577.44641,6401.84563,4859.70173,6681.22867,1234.25778,4863.38818,3158.46919,594.56894,1129.11981,5578.6516,5578.97737,1129.2822,5579.55554,125.927894,7509.42533,7510.06759
5671.46,4184.7,24494.2,4.94279,1,196.12669992348057,19.502530653940326,0.0003289605190596622,0.0003293349317513305,6.15408323569203e-07,3.0594785667224675e-09,0.9999878535867079,1.624655538920753e-12,6255.51766,6255.40702,6256.31786,5863.82605,6256.20722,5863.58936,9284.91409,8979.35034,9284.58588,9016.16299,9284.87428,8979.33485,9284.54608,9016.09612,6222.34892,5792.72967,6223.16169,7496.69026,8947.92789,4523.64785,7497.85549,8531.42171,1895.16317,3472.57417,7596.16133,7597.22822,3472.73763,7597.49253,118.182313,10001.6941,10002.408
7045.85,3432.42,8659.38,44.1841,1,123.5142769761336,19.619649503033003,0.0003287998428333699,0.00032917086392712666,8.374190750032743e-07,3.0273067060557894e-09,0.9952384120093256,2.693876520843441e-11,7360.02883,7357.54492,7360.79798,7150.67755,7358.31422,7145.55324,9275.21622,9076.81687,9274.85803,9098.6893,9274.97552,9076.35405,9274.61731,9098.65801,6543.44645,5328.61966,6544.44404,7601.34438,8024.53547,6633.35779,7603.38049,7263.09603,1555.77389,2390.3514,2396.4326,2878.44389,2390.00392,2878.60616,124.392428,4553.14225,4553.89457
251.561,6923.72,1121.81,35.2095,1,0.8935734884942962,24.452349261552524,0.0003288821124971308,0.0003289707091055161,9.460837750889567e-08,3.070817727132834e-09,0.9983966647130326,1.6168155830566995e-11,4412.50725,4412.19257,4413.54231,2556.46534,4413.22769,2555.35559,11857.8406,11164.1242,11857.5573,11243.7274,11857.7198,11163.8877,11857.4365,11243.7032,4289.39288,2101.86309,4291.73787,10658.0714,10817.406,9501.79943,10818.6518,13429.5577,3188.04234,5751.08563,6021.17604,6032.74961,5751.2496,6032.95796,127.041085,6158.94862,6159.49641
2718.13,1352.73,10652.4,47.8292,1,,,,,,,,,,,,,,,,,,,,,,,,,,,,,,,,,,,,,,,
2519.45,7123.73,-12997.5,40.6811,1,,,,,,,,,,,,,,,,,,,,,,,,,,,,,,,,,,,,,,,
7921.15,331.652,-40759.0,7.85772,1,,,,,,,,,,,,,,,,,,,,,,,,,,,,,,,,,,,,,,,
3606.05,2044.76,-2558.89,8.07491,1,105.51044019140278,19.48906885136181,0.0003288017634377685,0.00032937812553417617,2.061334226182116e-06,3.058672835889486e-09,0.9998443777730613,1.189848548549954e-11,3830.46262,3830.42303,3831.58987,3680.65466,3831.55029,3680.57186,5223.66134,5093.63617,5223.05169,5107.38778,5223.6457,5093.62492,5223.03605,5107.3668,3818.2068,3654.86415,3819.52738,4521.45904,5068.44146,3550.31953,4529.7966,4464.64562,912.82799,1705.58857,2564.38745,2568.72773,1705.7494,2568.89417,123.339962,4589.17402,4590.08466
3545.05,560.829,-16569.8,34.5493,1,,,,,,,,,,,,,,,,,,,,,,,,,,,,,,,,,,,,,,,
2795.49,8152.58,11514.4,47.825,1,0.10171441459016554,25.66371872507472,0.00032884201276708414,0.00032925549358929956,2.7658271975498235e-07,3.0708602779779474e-09,0.9959227128300869,1.656091687797646e-11,5866.02543,5863.83048,5866.89462,4088.89537,5864.69986,4082.59606,14044.4766,13243.9323,14044.2365,13336.9321,14044.2616,13243.4952,14044.0215,13336.9072,5128.29961,704.319142,5130.42252,12292.4338,12705.5807,11416.449,12705.9352,15659.7988,3782.33805,6207.22095,6212.38967,6790.85876,6207.36502,6791.02345,125.766474,5251.95234,5252.56479
9808.08,8052.04,10461.8,26.368,1,427.3354521912832,19.613487793677823,0.00032896981700564123,0.0003290906158386257,2.1581122329543973e-07,3.05708104013169e-09,0.999704893841678,5.024155363064935e-12,11020.4146,11019.3963,11021.0412,10228.0319,11020.0229,10225.8279,16725.3268,16105.062,16725.13,16177.3416,16725.2056,16104.8497,16725.0088,16177.2999,10682.7889,9483.69467,10683.5276,14968.1808,15611.2647,12833.7586,14969.4967,15874.2693,3764.69521,5212.90517,5214.54601,6783.7246,5212.73261,6783.88839,127.123294,10817.632,10817.9376
8292.99,657.346,-30305.7,3.4114,1,,,,,,,,,,,,,,,,,,,,,,,,,,,,,,,,,,,,,,,
9387.66,5203.35,-434.803,44.9588,1,209.34583614325913,20.131196169311718,0.0003288869278307413,0.00032871211995045755,4.978493237956766e-07,3.063999717489444e-09,0.9973480206791135,1.3961842778057988e-11,9928.5543,9925.9847,9929.21296,9570.21352,9926.64344,9564.859,12964.8644,12636.3665,12964.6096,12673.2217,12964.5284,12635.7142,12964.2735,12673.1796,9038.19428,7596.78416,9039.07882,10712.7795,11151.3028,9412.5792,10716.3476,10705.2504,2413.15748,3534.3189,3537.53972,4408.03953,3534.10253,4408.20324,126.769028,6272.39497,6272.94316
137.786,5438.61,496.092,22.9346,1,0.8691232459031212,24.402461748958853,0.0003288605714081693,0.000329170899561128,6.491438780794733e-05,3.060281724468075e-09,0.9991869035867219,1.7614814742481484e-11,3482.01514,3481.89608,3483.23267,2008.60209,3483.11364,2008.18124,9481.30091,8940.99555,9480.94771,9002.20617,9481.25278,8940.91197,9480.89958,9002.18612,3437.84413,1852.31535,3439.81743,8741.51339,8746.51906,7561.94613,8737.18707,10708.1813,2478.39804,4503.50431,4977.21544,4984.03312,4503.66793,4984.23605,126.518203,5633.11983,5633.73346
1046.72,1428.83,2061.97,5.59621,1,9.75058716957614,21.57289821985305,0.0003283665803644348,0.00033456817694797655,5.453025339419406e-06,3.0571740372754692e-09,0.9996248470963344,3.57979677346778e-11,1401.95178,1401.94457,1404.3649,1172.62434,1404.3577,1172.60699,2949.21118,2825.72677,2948.14713,2838.8604,2949.20754,2825.72532,2948.14349,2838.85419,1399.70688,1167.16303,1402.21091,2718.35553,2822.50273,2335.20137,2729.10232,3101.90419,617.282848,1152.24133,1469.49427,1482.84571,1152.35017,1482.41825,116.552299,2059.00674,2060.55785
2264.34,1288.57,4859.94,30.7669,1,39.800670610314874,20.04420614602554,0.00032846099506584904,0.00032946985766352845,7.435297715014058e-06,3.005917551672817e-09,0.9913508879528449,1.2490167572827475e-10,2407.35893,2406.73228,2409.00395,2311.64953,2408.37764,2310.34137,3345.65451,3263.95987,3344.66458,3272.51576,3345.60216,3263.86466,3344.61221,3272.50323,2206.86903,1868.81307,2209.61654,2823.42838,3068.07396,2339.89682,2828.59977,2883.12637,557.946248,1051.1889,1523.26384,1529.72026,1051.34643,1530.05137,119.071331,2295.99478,2297.5164
4091.21,1414.01,-18112.9,15.2608,1,,,,,,,,,,,,,,,,,,,,,,,,,,,,,,,,,,,,,,,
4353.87,7184.42,-8253.69,15.0774,1,145.78115009406196,20.361788039829282,0.00032895989939700694,0.00032902027183314173,2.057371914574158e-07,3.0595121094696354e-09,0.9998856541250171,4.348625013429926e-12,6304.11737,6303.82233,6304.93842,5085.07841,6304.64341,5084.3387,13026.5836,12356.4769,13026.3301,12433.439,13026.5165,12356.382,13026.2629,12433.3905,6207.02773,4841.014,6208.14771,11526.0519,12159.4424,9304.60289,11530.7716,14017.3384,3342.06356,6033.518,8093.91147,8095.47143,6033.68165,8095.78441,129.001816,9873.08541,9873.51754
2249.57,1759.03,9041.76,44.7187,1,,,,,,,,,,,,,,,,,,,,,,,,,,,,,,,,,,,,,,,
2398.17,8334.21,-675.179,49.6104,1,0.7204756251394289,24.809959712117923,0.000328862079027394,0.000328848585790534,1.3408941908949995e-07,3.1309192072738023e-09,0.9961753152186478,1.3785244979169085e-11,5801.67231,5800.65875,5802.54345,3883.01278,5801.52999,3879.9283,14287.9046,13461.1674,14287.6692,13557.1817,14287.5913,13460.5238,14287.3559,13557.149,5406.81781,2500.10184,5409.66611,12190.8941,12640.9019,11299.3999,12642.8995,16015.9684,3882.4899,6965.10947,7235.47635,7246.85231,6965.27381,7247.08096,127.35699,5648.91507,5649.51916
4813.49,5914.81,-20556.0,41.8714,1,,,,,,,,,,,,,,,,,,,,,,,,,,,,,,,,,,,,,,,
718.505,1197.11,-2414.27,39.8089,1,,,,,,,,,,,,,,,,,,,,,,,,,,,,,,,,,,,,,,,
4202.88,527.64,-8301.18,20.5139,1,33.94151337171789,18.923181421581486,0.000328830323617981,0.00031822878991349105,5.3876349352345545e-06,3.08138141962699e-09,0.9989218208110047,2.4658280138370868e-11,4205.37565,4204.80162,4206.44759,4201.52768,4205.87366,4200.37625,4290.98549,4290.23307,4290.20554,4289.6512,4290.89201,4290.0841,4290.11205,4289.61212,4037.54741,3856.89604,4039.8861,2901.18332,3962.31969,1095.20002,2913.11483,1400.23727,237.424201,465.153387,2950.4329,2951.10077,465.314796,2951.85539,127.163601,4562.28842,4562.81811
8498.17,9510.13,4484.73,14.5665,1,,,,,,,,,,,,,,,,,,,,,,,,,,,,,,,,,,,,,,,
6173.77,2327.69,-22665.3,31.0731,1,,,,,,,,,,,,,,,,,,,,,,,,,,,,,,,,,,,,,,,
4890.96,5952.35,2715.28,41.7414,1,16.605589744376754,21.727738660776,0.0003288588664226218,0.0003288508465025792,3.022840929286914e-07,3.07284609631431e-09,0.9972067621031712,2.0795621074234905e-11,6179.10119,6177.97624,6179.9443,5350.08685,6178.81944,5347.46393,11394.503,10871.5948,11394.2101,10931.7676,11394.3259,10871.2439,11394.0329,10931.7414,5765.16724,4331.99693,5766.85515,10097.3805,10103.6821,8932.76227,10103.4665,11803.4972,2747.02747,4738.791,4751.45058,4992.4475,4738.92299,4992.61299,126.366447,5575.49535,5576.09931
6951.73,9034.39,6508.61,23.2803,1,291.93966984421775,19.919773051895948,0.00032896434516255056,0.0003291153342705799,1.160293119931628e-07,3.058065777132428e-09,0.9997476710402698,4.730443179126094e-12,8978.85702,8978.3472,8979.54376,7686.6268,8979.03396,7685.426,16674.4795,15862.8971,16674.2796,15958.0214,16674.3957,15862.7543,16674.1958,15957.9856,8804.96981,7274.65801,8805.8313,15244.7293,15533.7954,13169.1382,15246.797,17458.154,4230.37354,6636.21088,6639.44687,7585.77543,6636.30425,7585.93938,127.565709,10286.9738,10287.3008
8029.4,4714.51,-9226.03,14.0413,1,448.91862830979346,18.8174907797703,0.0003289628785092558,0.0003288687413825812,4.278166933421997e-07,3.0593442668751376e-09,0.9999039740735648,4.015440694594732e-12,8551.14282,8550.82905,8551.84491,8205.61446,8551.53116,8204.95722,11466.9976,11159.6366,11466.7142,11193.7122,11466.9293,11159.5487,11466.6459,11193.6589,8452.58102,7998.26078,8453.50913,9711.94353,10972.7392,7416.47029,9716.24785,9739.86515,2183.87759,3999.39826,6039.32284,6040.89183,3999.5617,6041.22054,128.322059,10092.8096,10093.2681
5629.07,3300.56,-6006.5,14.5434,1,239.24578230166222,19.107739284453835,0.0003289111691928456,0.0003286972085337467,8.388626071648615e-07,3.0592364680474605e-09,0.9997896958783111,8.50760054114601e-12,5998.69117,5998.46058,5999.54554,5752.99048,5999.31496,5752.50714,8145.76053,7931.01108,8145.36127,7954.39657,8145.71131,7930.94603,8145.31206,7954.35989,5926.29931,5600.3877,5927.49054,6922.10327,7791.68772,5338.48671,6928.13555,6973.0348,1506.07261,2783.21202,4268.37307,4270.50478,2783.37549,4270.84102,126.98002,7077.82985,7078.4202
4529.7,831.807,-22846.9,17.5915,1,,,,,,,,,,,,,,,,,,,,,,,,,,,,,,,,,,,,,,,
391.483,8889.86,890.916,28.3162,1,1.9475118474649362,23.943756317844677,0.00032893840484043556,0.0003290559627425834,1.7474778861180988e-07,3.0607480527950933e-09,0.9994428035890919,7.571104433546372e-12,5637.48012,5637.20279,5638.36358,3281.82299,5638.08628,3280.85089,14954.4029,14056.4261,14954.1786,14160.5281,14954.2985,14056.2314,14954.0742,14160.4971,5532.51909,2908.57462,5534.04397,13631.5009,13737.377,11942.6107,13738.1048,16990.1655,4133.004,7403.38464,7590.71693,7607.62508,7403.54935,7607.8391,127.946112,8395.41889,8395.82786
2339.28,3751.61,-2656.45,11.8833,1,,,,,,,,,,,,,,,,,,,,,,,,,,,,,,,,,,,,,,,
1606.54,1271.1,7004.54,39.6315,1,,,,,,,,,,,,,,,,,,,,,,,,,,,,,,,,,,,,,,,
2471.15,385.969,7508.67,39.1544,1,,,,,,,,,,,,,,,,,,,,,,,,,,,,,,,,,,,,,,,
6932.93,3116.02,-19603.9,29.0231,1,,,,,,,,,,,,,,,,,,,,,,,,,,,,,,,,,,,,,,,
4860.81,6465.5,-26499.3,8.89614,1,,,,,,,,,,,,,,,,,,,,,,,,,,,,,,,,,,,,,,,
7881.2,3631.06,-34111.4,45.9734,1,,,,,,,,,,,,,,,,,,,,,,,,,,,,,,,,,,,,,,,
2585.27,3839.55,-9696.35,25.9458,1,11.460152307878037,22.828275579737614,0.0003288785095832683,0.0003272459376895052,8.816684082786186e-07,3.0844866984630287e-09,0.9990723830590109,2.3027319919281125e-11,3576.49327,3575.32732,3577.6727,2946.15168,3576.50702,2943.29243,7350.63985,7003.23706,7350.19214,7041.74596,7350.48392,7002.95157,7350.0362,7041.69964,3187.45685,1851.47107,3190.7578,5882.38114,6485.183,4232.95524,5895.0702,7787.40259,1748.98414,3212.93052,5948.94468,5949.93716,3213.09398,5950.34813,129.306678,5939.67886,5940.29832
3201.57,3402.74,2308.22,21.6226,1,68.70735901917949,20.37774982030842,0.00032879668348950974,0.00032931030754534675,8.847949946925808e-07,3.056481817350056e-09,0.9988615744694698,2.2732275750131256e-11,3871.84521,3871.64089,3872.98449,3434.48837,3872.78021,3434.02431,6913.86617,6628.72782,6913.38615,6660.68916,6913.83183,6628.67138,6913.3518,6660.67306,3803.56747,3278.28537,3805.15355,6270.68937,6498.18558,5391.11206,6275.81071,7014.06281,1534.01512,2799.22285,2916.39855,2944.42507,2799.34872,2944.50094,124.501361,4515.17715,4515.95388
9343.6,961.143,-44750.7,19.8392,1,,,,,,,,,,,,,,,,,,,,,,,,,,,,,,,,,,,,,,,
3575.59,2055.61,18628.3,23.2406,1,,,,,,,,,,,,,,,,,,,,,,,,,,,,,,,,,,,,,,,
2901.75,6734.36,-4117.55,34.7588,1,1.8902821401648089,23.974156697521174,0.0003289039703237881,0.0003285808276258601,0.00019432054243115468,3.0759452572606966e-09,0.9987221085326209,1.3738307539120103e-11,5176.79144,5175.96283,5177.72365,3811.15927,5176.89513,3808.88433,11921.2496,11271.5656,11920.9688,11346.0082,11921.0718,11271.2187,11920.7911,11345.9733,4883.8247,2945.56785,4886.0949,10544.7996,10573.4328,9049.34369,10541.8467,13138.0328,3117.22866,5632.25717,6724.77638,6727.58263,5632.42109,6727.87485,127.986397,6805.56221,6806.0722
1184.93,5415.37,-5362.47,18.8763,1,0.9006572173153208,24.391094839346348,0.0003289000735048084,0.00032893861922150835,2.2542089556468172e-07,3.0610318966524682e-09,0.9996119936330538,1.4117429007875222e-11,3663.25104,3662.95911,3664.41783,2322.20542,3664.12597,2321.27562,9524.64759,8991.67868,9524.2983,9051.74064,9524.58528,8991.57743,9524.23599,9051.70805,3564.20292,1993.76252,3566.15391,8495.85021,8784.95207,7001.69147,8503.16432,10676.8781,2476.91234,4506.20028,6125.53178,6127.44575,4506.36428,6127.7719,128.040189,6704.60864,6705.17357
2287.3,5885.99,-4207.08,42.9106,1,0.3997467871230348,25.10340284592154,0.0003288410219874171,0.0003283409082667098,1.8350951015803393e-06,3.1349276934587965e-09,0.9966550400917538,2.318760934994797e-11,4401.39096,4400.25879,4402.42731,3149.00129,4401.29532,3145.80075,10460.814,9891.07192,10460.4936,9955.88241,10460.5745,9890.58917,10460.2541,9955.85043,4006.0891,1814.40953,4009.60331,8979.43425,9092.01199,7909.50868,9090.65576,11566.3648,2710.57256,4916.46906,6057.82911,6060.4549,4916.633,6060.76141,127.404027,5185.80174,5186.45524
1388.76,4951.88,-7443.17,32.4145,1,,,,,,,,,,,,,,,,,,,,,,,,,,,,,,,,,,,,,,,
2798.89,4883.46,13499.8,10.6855,1,65.20843474109884,20.767978006705228,0.00032888274156074446,0.00032972362875753153,6.394487479526259e-07,3.058065123558482e-09,0.9998551297148366,6.545711794270949e-12,4192.23036,4192.02473,4193.2958,3320.11132,4193.09021,3319.59015,9010.75592,8557.52749,9010.38867,8609.89711,9010.73398,8557.50505,9010.36673,8609.87309,4126.8475,3152.47006,4128.00581,8235.85892,8508.00485,6939.94668,8237.32996,9717.66864,2217.79212,4038.36562,4761.07809,4766.03897,4038.52867,4766.1761,123.259157,6233.81945,6234.40873
5862.12,8992.68,20912.3,34.1582,1,4.406869566495965,23.571145234919456,0.0003289405797125755,0.00032913632919424256,5.100400507083108e-06,3.052847411992972e-09,0.999227877101232,8.22123467395215e-12,8150.30686,8147.578,8151.02968,6712.17729,8148.30095,6705.52023,16176.2151,15343.6765,16176.0074,15441.5108,16176.0301,15343.322,16175.8224,15441.4715,7217.42235,4064.80522,7218.56625,14532.9463,14600.9152,12620.4093,14533.8599,17274.5853,4189.27246,7370.871,7392.36712,7536.29113,7371.03261,7536.41467,126.311331,8535.42374,8535.79093
6812.41,9002.52,-16746.1,17.2116,1,294.7950910374849,19.906823803702054,0.0003289912427464312,0.0003289150857386513,1.576786259424957e-07,3.0599282889659165e-09,0.9999231851961531,2.6502088011922237e-12,8864.84285,8864.06939,8865.52614,7559.0811,8864.7527,7557.2488,16595.8556,15783.5146,16595.6575,15877.7357,16595.7166,15783.3004,16595.5185,15877.6538,8612.6591,6952.08299,8613.68417,14119.0439,15358.1023,10715.1512,14123.1987,17391.9097,4240.9835,7615.99456,11530.1599,11530.8703,7616.1578,11531.2617,130.807268,13733.8452,13734.1883
9089.64,6025.4,-37818.3,34.931,1,,,,,,,,,,,,,,,,,,,,,,,,,,,,,,,,,,,,,,,
8057.55,5936.56,9583.25,22.6966,1,324.6940400742497,19.380851207106307,0.0003289467728491974,0.0003291579282373462,2.959828963733271e-07,3.0566050075940283e-09,0.9996787591689695,7.108829861530972e-12,8872.65711,8871.98953,8873.35134,8336.3089,8872.68379,8334.88282,12986.7453,12552.0089,12986.4922,12601.9308,12986.6664,12551.8789,12986.4132,12601.8965,8655.76792,7866.51261,8656.57033,11592.389,12249.3271,9841.96328,11593.7314,11962.1161,2743.45813,4060.46598,4063.61428,4986.19641,4060.28653,4986.36013,126.105319,8923.75969,8924.12801
3965.03,7096.31,-9449.89,38.6889,1,0.959187932562526,24.559050999564832,0.00032891810529664194,0.0003283844493256568,2.1125883670125418e-05,3.0934126806186123e-09,0.9986393002498305,1.2011978410952156e-11,6005.38653,6003.35645,6006.23507,4741.44324,6004.20517,4736.24223,12772.4018,12102.9029,12772.1407,12179.4795,12772.0771,12102.2584,12771.8159,12179.4282,5309.74515,2608.57411,5312.24653,10762.2054,10926.3597,9028.91317,10771.8947,13827.6584,3303.27069,5967.44331,8148.12892,8149.42423,5967.60693,8149.7773,129.048563,7322.97334,7323.42181
2606.97,996.377,-11927.2,32.8424,1,,,,,,,,,,,,,,,,,,,,,,,,,,,,,,,,,,,,,,,
1454.11,3078.26,-5430.5,32.3304,1,0.06859617122062109,26.1072357990976,0.00032874928733591643,0.00032625830072520305,1.392826051881398e-06,3.1537105526792935e-09,0.9966375378457318,5.7413199666622727e-11,2467.79791,2466.87366,2469.36668,1847.76693,2468.44289,1845.27701,5793.09936,5505.25812,5792.52505,5536.65064,5792.96693,5505.00293,5792.3926,5536.62311,2157.03281,738.728734,2162.45505,4828.09259,5047.56872,3895.15032,4845.8869,6305.90022,1384.25697,2556.26337,4191.77064,4193.15265,2556.42727,4193.74635,127.145504,3870.93039,3871.86006
8947.3,5889.24,-45475.4,10.7728,1,,,,,,,,,,,,,,,,,,,,,,,,,,,,,,,,,,,,,,,
1799.35,8145.92,-9502.91,34.447,1,,,,,,,,,,,,,,,,,,,,,,,,,,,,,,,,,,,,,,,
7569.09,3392.24,-44670.0,12.5142,1,,,,,,,,,,,,,,,,,,,,,,,,,,,,,,,,,,,,,,,
1731.51,43.2799,-8604.5,37.292,1,,,,,,,,,,,,,,,,,,,,,,,,,,,,,,,,,,,,,,,
7087.33,3900.77,-30044.8,19.6655,1,,,,,,,,,,,,,,,,,,,,,,,,,,,,,,,,,,,,,,,
8324.14,3707.58,-6494.97,16.0486,1,486.14579605788356,18.483810014134622,0.000328951698680386,0.0003287727584579153,5.040043301268068e-07,3.0589293308151613e-09,0.9998475443428742,5.7666715481647086e-12,8631.02075,8630.67079,8631.72245,8427.05425,8631.37251,8426.33473,10537.1364,10336.5356,10536.8245,10358.0378,10537.0671,10336.4399,10536.7553,10357.9915,8521.36632,8200.1677,8522.26561,8888.30147,10125.6488,6909.92969,8891.92346,7881.57318,1707.31559,3149.85282,4280.83579,4283.75415,3150.01612,4284.03098,127.248072,9186.96928,9187.50446
6997.98,6269.08,-7547.88,17.9687,1,306.48881813367933,19.46606321906455,0.0003289617744968047,0.00032891633036179755,2.590743114899898e-07,3.059520515289506e-09,0.9998410249264708,4.562423092863958e-12,8034.93368,8034.49763,8035.65876,7357.97793,8035.22272,7357.01787,12849.52,12349.7306,12849.266,12406.9409,12849.4343,12349.5987,12849.1803,12406.8918,7893.5673,7045.07605,7894.57873,11190.6207,12070.659,9002.31916,11194.7343,12516.9018,2917.23258,5292.16857,6915.27232,6917.25712,5292.33212,6917.55842,128.614712,10008.0865,10008.4932
4602.67,9650.01,-3120.07,35.295,1,54.48876648124034,21.99301163826009,0.00032895231607366846,0.000328897581746334,3.3419672899685624e-06,3.065611636610113e-09,0.9992842578245976,6.403707856561195e-12,7633.82814,7632.84216,7634.57238,5796.41576,7633.58646,5793.78952,16782.0146,15849.7075,16781.8151,15958.5525,16781.7919,15849.2721,16781.5923,15958.5088,7277.44908,4801.82135,7278.96117,14949.2294,14986.2237,12967.0564,14983.754,18445.4303,4531.27687,8102.90887,8638.82089,8644.60763,8103.07297,8644.86246,128.606358,9258.9871,9259.36052
9718.86,4022.8,-28498.3,7.61474,1,,,,,,,,,,,,,,,,,,,,,,,,,,,,,,,,,,,,,,,
1985.3,5543.84,-2119.22,27.7483,1,,,,,,,,,,,,,,,,,,,,,,,,,,,,,,,,,,,,,,,
9075.52,6299.28,-24864.5,29.8906,1,328.2300492045585,19.437170633881834,0.0003289843152509016,0.0003280644572883334,8.087158491551317e-07,3.072666020394444e-09,0.9997036706667428,4.6633685256415255e-12,9899.86684,9896.20038,9900.5131,9353.00418,9896.84675,9345.19766,14106.2934,13653.6682,14106.0657,13705.2552,14105.7918,13652.7401,14105.5641,13705.1382,8708.12366,6572.54667,8709.61898,10019.0931,12007.7756,5690.60192,10026.1043,12651.6235,2962.22445,5382.62082,11777.0805,11777.5162,5382.7831,11777.882,130.635829,12243.9987,12243.8265
7290.61,4098.44,41255.9,13.2198,1,,,,,,,,,,,,,,,,,,,,,,,,,,,,,,,,,,,,,,,
7082.05,340.677,-37337.2,45.8353,1,,,,,,,,,,,,,,,,,,,,,,,,,,,,,,,,,,,,,,,
7482.32,8783.66,17991.0,24.0438,1,316.9549537486241,19.788181405012104,0.0003289647021256376,0.00032916498231315785,1.9681965607358578e-07,3.056935331041885e-09,0.9997355619285513,4.93037093882212e-12,9295.29648,9294.17382,9295.97324,8130.46046,9294.85063,8127.88146,16533.5606,15764.7845,16533.3588,15855.4236,16533.4601,15764.6113,16533.2583,15855.3839,8924.08377,7253.50743,8924.9191,14987.2501,15377.6197,12856.0364,14988.3998,17012.5334,4101.97951,6735.97716,6740.97285,7362.88096,6736.11154,7363.04518,126.605467,10333.415,10333.7279
5335.16,6406.15,-25273.7,2.18744,1,0.04832107965345989,28.703156799791564,0.00032900713575108055,0.0003290115759840909,8.023017740416672e-06,3.0596636851181085e-09,0.9999992671055302,6.888129743933879e-13,6722.86263,6722.83092,6723.46476,5811.44542,6723.43304,5811.37146,12294.9753,11729.4778,12294.8185,11795.7069,12294.9045,11729.4708,12294.7477,11795.5644,6713.0449,5788.87427,6713.71948,9225.97207,11717.2001,2545.72152,9234.42648,12686.2,2981.92527,5407.94733,14654.7704,14655.5444,5408.10947,14655.6803,67.7296022,17913.063,17913.4903
9817.83,6479.15,-31428.1,16.0932,1,,,,,,,,,,,,,,,,,,,,,,,,,,,,,,,,,,,,,,,
7900.86,1216.76,2804.21,25.312,1,,,,,,,,,,,,,,,,,,,,,,,,,,,,,,,,,,,,,,,
7481.6,496.081,-31217.5,5.35958,1,,,,,,,,,,,,,,,,,,,,,,,,,,,,,,,,,,,,,,,
9921.17,222.308,-25594.8,47.6709,1,,,,,,,,,,,,,,,,,,,,,,,,,,,,,,,,,,,,,,,
2979.96,5966.34,17829.5,36.2706,1,,,,,,,,,,,,,,,,,,,,,,,,,,,,,,,,,,,,,,,
4793.11,7789.59,-5303.62,38.0908,1,106.10227142395513,20.889932163241482,0.0003289271120932915,0.0003286041859123666,0.0002162082547842643,3.076753046695881e-09,0.9988091728471361,9.619036478270015e-12,6879.12067,6877.76729,6879.90826,5573.82523,6878.55497,5570.44068,14071.6722,13344.7334,14071.4348,13428.7625,14071.4135,13344.2225,14071.176,13428.7193,6401.29034,4289.91317,6403.15603,12277.0057,12328.292,10557.2494,12273.2485,15121.8598,3637.472,6548.98429,7633.2626,7636.08725,6549.14807,7636.37696,128.421793,7746.57301,7747.0202
2249.92,5404.19,-6320.2,17.5932,1,36.258546305693926,21.906922077056326,0.0003289122211475943,0.0003289192864963726,2.830325846468025e-07,3.060510117666895e-09,0.9997027028011961,1.0837208576769543e-11,4125.39511,4125.08925,4126.46916,3002.86694,4126.16335,3002.02026,9698.79196,9179.83692,9698.4499,9238.47717,9698.72923,9179.73876,9698.38717,9238.441,4023.1937,2714.15385,4024.91463,8576.96867,8979.58897,6964.66671,8583.95764,10685.2561,2479.89197,4508.61535,6324.20069,6325.8856,4508.77922,6326.22218,128.288241,7143.33559,7143.88311
742.123,6512.0,2687.22,9.16816,1,2.166555621686182,24.562979013159676,0.0003289072159155621,0.00032953419743113804,3.185535171541556e-05,3.0589513508640775e-09,0.9999157412458869,4.473971212110981e-12,4215.05488,4215.03198,4216.10603,2505.93418,4216.08314,2505.85607,11226.0751,10576.6462,11225.7831,10650.9989,11226.0588,10576.6325,11225.7668,10650.9775,4207.09802,2479.50419,4208.23531,10481.1701,10539.2875,9041.17649,10478.8498,12685.9406,2985.45483,5389.36939,5640.63283,5655.06095,5389.52704,5655.15432,125.759897,7015.92531,7016.45823
5906.59,7779.44,2599.64,15.3824,1,227.5768948889874,20.021390013343506,0.00032895591042500874,0.0003291820774493524,1.9977883846587815e-07,3.058683651818789e-09,0.9998731558737509,4.571403659720449e-12,7681.75889,7681.58098,7682.50039,6549.62616,7682.32249,6549.20475,14458.1977,13759.332,14457.9686,13840.545,14458.1544,13759.2731,14457.9253,13840.5118,7622.42525,6409.98585,7623.28151,13243.1324,13623.9928,11309.7569,13245.6673,15167.3164,3622.8822,6238.57915,6250.17663,6531.35309,6238.71203,6531.5179,127.328749,9585.06617,9585.43848
7942.14,5909.79,-34835.9,32.2861,1,,,,,,,,,,,,,,,,,,,,,,,,,,,,,,,,,,,,,,,
3884.96,4067.23,-19508.2,3.27454,1,,,,,,,,,,,,,,,,,,,,,,,,,,,,,,,,,,,,,,,
8871.45,8939.15,-93.7509,31.145,1,424.5750898017849,19.49486012364604,0.0003289686999435182,0.0003289520950251191,1.2749533376863728e-07,3.059246708535336e-09,0.9995760088945387,5.781027981406263e-12,10491.0391,10489.9283,10491.6782,9442.90664,10490.5673,9440.41701,17417.3666,16668.4194,17417.1767,16755.9312,17417.1822,16668.0738,17416.9924,16755.8848,10105.0144,8559.79953,10105.939,15462.1939,15906.5224,13283.9456,15464.889,17405.8606,4203.63594,7036.7677,7042.88617,7547.33831,7036.94408,7547.50299,128.231311,10664.6026,10664.9209
5580.61,894.337,23709.0,39.8468,1,,,,,,,,,,,,,,,,,,,,,,,,,,,,,,,,,,,,,,,
2222.38,5277.14,-10590.8,2.89356,1,52.15679596363634,21.21633366104339,0.00032895769645391066,0.0003292534261765727,6.055698420248844e-07,3.0596252385960694e-09,0.9999956761251854,2.19673326142658e-12,4049.45022,4049.43218,4050.36145,2949.56397,4050.34341,2949.51417,9506.52667,8999.66588,9506.25992,9057.13277,9506.49877,8999.66146,9506.23202,9057.07776,4043.62522,2933.79415,4044.60388,8142.39703,8991.50595,5889.57994,8151.10476,10459.6585,2420.42205,4403.23398,8185.05361,8186.51321,4403.39758,8186.68889,119.21471,9752.98963,9754.40312
2195.23,120.656,2256.51,40.4251,1,1.6603610739925134,20.49764056546108,0.0003280248068031569,0.0003409866281754009,1.3083448342721798e-05,2.52460615442839e-09,0.9605305226289756,2.578836611616912e-10,2187.56576,2186.87405,2189.3684,2193.60503,2188.67715,2192.22286,2184.64866,2190.05085,2183.05889,2188.70688,2184.56749,2189.89989,2182.97766,2188.69505,1979.17787,1752.3502,1981.51303,1535.50064,1832.5724,1186.06804,1543.56762,374.46188,47.207468,93.1555826,553.79388,557.025614,93.2844004,559.920745,116.617022,1435.80347,1438.52626
3399.32,8188.91,12894.8,35.9663,1,1.7813146674607916,24.043472517011885,0.00032890748622915365,0.00032919792379727407,1.8880306808600548e-07,3.0552837376289392e-09,0.9987080112029623,1.1585630392449825e-11,6197.89383,6196.37401,6198.73439,4529.17714,6197.21469,4525.01788,14247.6273,13452.096,14247.391,13544.8373,14247.4952,13451.8394,14247.259,13544.8109,5675.33934,2865.85155,5676.82509,12881.2384,13046.4878,11517.1661,13046.1295,15759.7828,3794.83111,6297.30336,6303.14902,6821.38921,6297.45299,6821.5539,126.325737,6992.46716,6992.92583
8370.16,6034.37,-46821.2,43.8577,1,,,,,,,,,,,,,,,,,,,,,,,,,,,,,,,,,,,,,,,
416.245,7843.0,429.616,6.53519,1,3.090686698912375,24.463794873441003,0.00032894390880720695,0.00032938697567137413,1.4305734599738173e-07,3.0593963845700434e-09,0.9999727375111174,2.340827178159234e-12,4994.48809,4994.47316,4995.41234,2908.55072,4995.39741,2908.49852,13319.1601,12530.2665,13318.9204,12621.126,13319.1422,12530.2568,13318.9025,12621.0972,4989.26135,2890.92695,4990.23196,12367.197,12509.1045,10555.9412,12370.6288,15107.9266,3623.79881,6521.90496,7132.01452,7138.49155,6522.06784,7138.60913,125.576653,8781.31443,8781.80295
2204.33,3752.16,1410.91,5.56865,1,41.703219029971734,20.969791889215394,0.00032882189598479127,0.0003301640674812305,7.478147000806869e-07,3.0591001528320397e-09,0.9999365015086094,5.923707202243257e-12,3268.94886,3268.93918,3270.16909,2600.03629,3270.15941,2600.01168,7075.59802,6730.61221,7075.15586,6769.37047,7075.5888,6730.60845,7075.14664,6769.35465,3265.80994,2592.14214,3267.0809,6523.23674,6722.33959,5565.66948,6529.2046,7618.33267,1691.6485,3098.44627,3602.071,3610.36279,3098.60332,3610.29267,121.853199,4935.11299,4935.86971
405.097,3432.91,-1711.89,20.0456,1,0.3444710801276209,24.860162234558896,0.00032876004133614364,0.0003290501337941154,6.472183475703832e-07,3.064032934638296e-09,0.9988016692888798,3.950376051042051e-11,2255.5198,2255.40104,2257.20945,1334.87803,2257.09076,1334.47096,6210.64472,5876.21786,6210.10724,5913.09967,6210.6097,5876.1598,6210.07221,5913.08263,2214.00402,1188.33893,2216.93392,5632.38943,5754.63007,4778.86518,5643.09803,6961.58543,1537.98852,2830.73907,3694.87344,3698.53892,2830.9029,3698.82572,125.733353,4059.35053,4060.22071
1602.68,680.698,3033.72,9.50984,1,29.022095834150903,19.741886533745152,0.0003283047999221302,0.0003336707150840953,1.3374453437636198e-05,3.049458957596612e-09,0.9987218952275823,8.683668454716261e-11,1657.10739,1657.06737,1659.31198,1620.93527,1659.27201,1620.8533,2095.71358,2060.07748,2094.15457,2063.33765,2095.70589,2060.07075,2094.14688,2063.32871,1645.05245,1595.91082,1647.51721,1783.89627,2044.58968,1384.58041,1789.39168,1618.4821,287.159564,547.464108,983.679893,991.819222,547.592078,991.968102,114.638178,1899.15218,1900.98594
8765.65,6701.56,3845.83,34.7081,1,337.4985834673047,19.75097626335328,0.0003289415570578651,0.00032894796527857816,2.8407390404053476e-07,3.056980842601537e-09,0.9991730572235443,8.989340871299046e-12,9716.40594,9715.02941,9717.07025,9092.44781,9715.69376,9089.49025,14392.6278,13892.3212,14392.3991,13949.851,14392.4451,13891.9773,14392.2164,13949.8129,9244.0782,8045.32227,9244.96732,12622.9307,13102.3821,10927.8656,12625.3178,13395.2662,3119.09539,4572.41877,4575.05057,5649.11415,4572.31639,5649.27797,127.028428,8560.13447,8560.53103
2172.01,1555.63,10442.0,9.84852,1,29.029398579683054,20.48481700073407,0.00032873510067645505,0.0003307897627832839,4.073332117857629e-06,3.0546670055225994e-09,0.9996805802521425,2.374439734832536e-11,2390.51162,2390.30325,2392.1345,2242.31774,2391.92623,2241.87218,3662.43583,3551.46727,3661.54658,3564.27703,3662.40846,3551.4396,3661.5192,3564.24809,2327.44817,2105.06959,2329.40535,2871.56568,3497.74556,1586.69297,2875.21646,3378.75328,674.557991,1267.60686,3134.30808,3136.01479,1267.77018,3136.45122,116.72684,3852.33406,3853.39052
2723.03,8294.97,-3177.64,2.96812,1,31.93070823564033,22.785828742654267,0.0003289762433814071,0.0003292524945034622,1.935898200960686e-07,3.059631608561243e-09,0.999996806062652,8.440341898922043e-13,5922.9331,5922.92648,5923.67746,4079.77471,5923.67085,4079.7553,14296.9902,13478.9079,14296.8081,13573.6991,14296.9696,13478.9049,14296.7875,13573.658,5920.68951,4073.42336,5921.45072,13045.1061,13473.6908,10819.6309,13049.2273,15973.0702,3856.01177,6927.32799,9178.58409,9180.91633,6927.49175,9181.03557,118.301685,11608.8757,11609.833
3707.86,3655.24,3614.16,48.7997,1,10.283282531940438,21.91264096503194,0.00032861770203066246,0.00032904692991172243,2.520454607497314e-06,3.153959910379151e-09,0.9864734878044388,5.409500900866803e-11,4380.49539,4379.1584,4381.54666,3940.01893,4380.20988,3937.0268,7518.32082,7218.36595,7517.87889,7252.10627,7518.16089,7218.04532,7517.71895,7252.08878,3892.1754,2730.48039,3894.49989,6496.51896,6539.82223,5865.7282,6534.29318,7505.9663,1654.49503,2905.43209,2927.97543,3064.00277,2905.46494,3064.07343,124.294444,2959.66291,2960.81151
8908.55,3208.58,-48134.3,25.5219,1,,,,,,,,,,,,,,,,,,,,,,,,,,,,,,,,,,,,,,,
6289.74,5924.39,25047.4,44.2207,1,,,,,,,,,,,,,,,,,,,,,,,,,,,,,,,,,,,,,,,
8174.35,9148.83,-48790.2,35.0893,1,,,,,,,,,,,,,,,,,,,,,,,,,,,,,,,,,,,,,,,
9480.75,9270.27,21964.0,34.5591,1,396.18759973679636,19.647690334343483,0.0003289633860878312,0.00032910946769250485,1.866481003412887e-07,3.053969326853564e-09,0.9994404072338171,5.793348590869491e-12,11109.1829,11106.2133,11109.8076,10053.6692,11106.8381,10047.0802,18143.1458,17376.345,18142.9631,17466.9899,18142.9088,17375.8922,18142.7261,17466.9404,10112.0447,7672.74532,10112.9014,16000.7331,16405.9016,13795.5932,16001.9937,17972.3895,4343.0349,7187.56785,7192.68922,7787.73342,7187.73521,7787.89785,126.717903,10198.921,10199.2295
6997.75,5126.51,1156.15,18.409,1,280.6955824414017,19.366862501338307,0.0003289353075251561,0.00032907299563846053,3.6116037513996793e-07,3.0578829537361386e-09,0.9997506959129904,7.800103360293408e-12,7702.63005,7702.32753,7703.37496,7238.37371,7703.07246,7237.72639,11320.1959,10945.8826,11319.9069,10988.2415,11320.1418,10945.8016,11319.8527,10988.2096,7604.18092,7026.57699,7605.06449,10095.8024,10759.1221,8473.447,10098.4854,10438.9258,2362.23163,4006.38665,4017.13155,4317.21554,4006.39927,4317.3774,126.501583,8223.29208,8223.72526
432.903,7553.54,-1953.04,18.9395,1,1.7283033018002694,24.041494784465616,0.00032893338235517774,0.0003291266182568586,1.5589400696352606e-05,3.059283828506055e-09,0.9997343012178164,7.59208448648577e-12,4816.6548,4816.49406,4817.62664,2808.37983,4817.46592,2807.81915,12863.699,12105.0352,12863.4395,12192.1034,12863.6424,12104.9442,12863.3829,12192.0722,4759.40609,2608.91489,4760.78894,11796.6982,11906.5387,10058.1534,11799.2606,14580.3129,3490.47003,6292.78544,7092.28496,7096.39256,6292.94947,7096.63475,127.94684,8129.75281,8130.19967
6182.9,5778.1,11439.3,3.78404,1,225.14180198762375,19.71006791784137,0.00032895316825817957,0.00032939023689807656,4.1604860948468925e-07,3.0595686190243525e-09,0.9999920085961989,1.0646700833305547e-12,7176.89903,7176.87908,7177.61502,6526.3243,7177.59506,6526.28025,11739.0909,11272.0185,11738.8484,11326.8266,11739.0743,11272.0151,11738.8318,11326.7949,7170.72818,6512.74342,7171.44827,10632.2759,11265.0527,8861.91177,10633.9611,11558.9242,2657.90224,4821.68424,5589.77729,5595.98442,4821.84523,5595.93134,118.375834,9424.19414,9424.83446
6255.37,2059.63,-31286.5,35.3787,1,,,,,,,,,,,,,,,,,,,,,,,,,,,,,,,,,,,,,,,
5906.8,6548.68,31287.4,2.97955,1,217.74633647744005,19.8827422171476,0.00032898958518765627,0.0003291995089652386,3.5411114903154306e-07,3.0596353828726995e-09,0.9999976121690289,4.77863041358889e-13,7210.10929,7210.05372,7210.7895,6358.73809,7210.73392,6358.61154,12669.4421,12108.7383,12669.2348,12176.8843,12669.401,12108.7316,12669.1937,12176.8047,7193.35442,6320.59384,7194.0357,10685.9751,12095.8176,7372.10341,10686.8241,12853.445,3009.89601,5444.21299,10572.3063,10573.3954,5444.37662,10573.5945,112.825045,13580.7973,13582.1785
